0
20
1.0
-1 -1 -1 -1 -1 -1 -1 -1 21 21
-1 -1 -1 -1 -1 00 00 -1 07 07
-1 06 06 -1 -1 00 00 -1 -1 -1
-1 -1 -1 -1 -6 -1 -1 -1 -1 -1
12 -1 -1 -1 06 06 -1 -1 -1 -1
12 -1 -1 -1 -1 -1 -1 -1 -1 -1
12 -1 -1 -1 -1 -1 -1 -1 -1 -1
06 -5 -1 -1 20 -1 -1 -1 -1 -1
06 06 -1 -1 -1 -1 -1 -1 -1 -1
-1 -1 -1 06 06 06 -1 -1 -1 -1
-1 -1 -1 -1 -1 -1 -1 -1 -1 -1
-1 -1 -1 -1 -1 -1 -1 -1 -1 -1
-1 -1 -1 -1 -1 -1 -1 -1 -1 -1
-1 -1 -1 -1 -1 -1 -1 -1 -1 -1
-1 -1 -1 -1 -1 -1 -1 -1 -1 -1
-1 -1 -1 -1 -1 -1 -1 -1 -1 -1
-1 -1 -1 -1 -1 -1 -1 -1 -1 -1
-1 -1 -1 -1 -1 -1 -1 -1 -1 -1
-1 -1 -1 -1 -1 -1 -1 -1 -1 -1
-1 -1 -1 -1 -1 -1 -1 -1 -1 -1