Test Map
Tidebreak Official
All the features in the game in one place, great for testing.
0.0
2026-04-27 00:00:00
2026-04-27 00:00:00
true
50
10
1
4
20
1.0
-1 -1 -1 -1 -1 -1 06 -1 -1 -1 -1 -1 53 -1 24 -2 -2 -2 -1 -1 -1 -1 55 -1 -1 -1 -1 -1 -1 -1 -1 -1 -1 -1 -1 -1 -1 -1 -1 56 -1 -1 -1 -1 -1 -1 21 21 07 06
-1 -1 -1 -1 51 -1 -1 -1 -1 -1 24 -1 -1 -1 -1 -1 -1 -1 -2 -2 -2 -1 06 06 06 06 -1 -1 -1 -1 -1 -1 -1 -1 -1 -1 -1 -1 -1 -1 -1 -1 -1 -1 -1 -1 21 21 07 06
-1 -1 -1 -1 52 -1 -1 -1 -1 -1 24 -1 -1 -1 -1 -1 -1 -1 -1 -1 12 -2 -2 -2 -2 -1 -1 -1 06 06 -1 -1 -1 06 06 -1 -1 -1 -1 -1 19 -1 06 06 -1 -1 07 07 07 06
-1 -1 -1 -1 -1 24 -1 -1 -1 -1 24 -1 -1 -1 -1 -1 -1 -1 -1 -1 12 -1 -1 -1 -1 -2 -2 -2 -2 -2 -2 -2 -2 -2 -2 -2 -2 06 06 06 06 06 06 06 06 06 06 06 06 06
-1 50 -1 -1 -1 24 -1 -1 -1 -1 24 -1 -1 -1 24 -1 -1 -1 -1 -1 12 -1 -1 -1 -1 -1 -1 -1 -1 -1 -1 -1 -1 -1 57 -1 -1 -1 -1 06 -1 -1 -1 -1 -1 -1 -1 -1 -1 06
-1 11 -1 -1 -1 24 -1 -1 -1 -1 24 -1 -1 -1 24 -1 -1 -1 -1 -1 12 -1 16 -1 -1 -1 -1 -1 -1 -1 -1 -1 -1 -1 -1 -1 -1 -1 -1 06 -1 -1 -1 -1 06 06 06 -1 -1 06
-1 11 -1 -1 10 24 -1 -1 -1 -1 24 -1 -1 -1 24 -1 -1 -1 -1 -1 12 06 06 -1 20 06 -1 -1 -1 -1 -1 -1 -1 -1 -1 -1 -1 06 06 06 -1 -1 06 06 06 -1 -1 -1 -1 06
-1 11 -1 -1 10 24 -1 17 -1 -1 24 17 -1 -1 24 -1 06 -1 54 -1 12 -1 -1 -1 -1 06 00 00 00 00 00 06 -1 -1 -1 06 06 06 06 06 -1 -1 -1 -1 06 -1 -1 -1 00 06
01 01 01 01 01 01 01 01 01 01 01 01 01 06 06 06 06 06 06 06 06 06 06 06 06 06 00 00 00 00 00 06 -1 -1 -1 -1 -1 -1 -1 -1 -1 -1 -1 -1 -1 -1 00 00 00 06
04 04 04 04 04 04 04 04 04 04 04 04 04 06 06 06 06 06 06 06 06 06 06 06 06 06 06 06 06 06 06 06 06 06 06 06 06 06 06 06 06 06 06 06 06 06 06 06 06 06
-1 -1 -1 -1 -1 -1 -1 -1 -1 -1 -1 -1 -1 -1 06 -1 -1 -1 -1 -1 -1 -1 -1 -1 -1 -1 -1 -1 -1 -1 -1 -1 -1 -1 -1 -1 -1 -1 -1 -1 -1 -1 -1 -1 -1 -1 -1 -1 -1 -1
-1 -1 -1 -1 -1 -1 -1 -1 -1 -1 06 -1 -1 -1 -1 -1 -1 -1 -1 -1 -1 -1 -1 -1 -1 -1 -1 -1 -1 -1 -1 -1 -1 -1 -1 -1 -1 -1 -1 -1 -1 -1 -1 -1 -1 -1 -1 -1 -1 -1
-1 13 -1 -1 -1 -1 -1 -1 -1 -1 06 -1 -1 -1 -1 -1 -1 -1 -1 -1 -1 -1 -1 -1 -1 -1 -1 -1 -1 -1 -1 -1 -1 -1 -1 -1 -1 -1 -1 -1 -1 -1 -1 -1 -1 -1 -1 -1 -1 -1
13 13 13 -1 -1 10 -1 -1 -1 -1 06 -1 -1 -1 -1 -1 -1 -1 -1 -1 -1 -1 -1 -1 -1 -1 -1 -1 -1 -1 -1 -1 -1 -1 -1 -1 -1 -1 -1 -1 -1 -1 -1 -1 -1 -1 -1 -1 -1 -1
13 13 13 13 -1 10 -1 -1 -1 -1 06 -1 -1 -1 06 -1 -1 -1 -1 -1 -1 -1 -1 -1 -1 -1 -1 -1 -1 -1 -1 -1 -1 -1 -1 -1 -1 -1 -1 -1 -1 -1 -1 -1 -1 -1 -1 -1 -1 -1
-1 -1 -1 -1 -1 10 -1 -1 -1 -1 06 -1 -1 -1 06 -1 -1 -1 -1 -1 -1 -1 -1 -1 -1 -1 -1 -1 -1 -1 -1 -1 -1 -1 -1 -1 -1 -1 -1 -1 -1 -1 -1 -1 -1 -1 -1 -1 -1 -1
-1 -1 -1 -1 -1 10 -1 -1 -1 -1 06 -1 -1 -1 06 -1 -1 -1 -1 -1 -1 -1 -1 -1 -1 -1 -1 -1 -1 -1 -1 -1 -1 -1 -1 -1 -1 -1 -1 -1 -1 -1 -1 -1 -1 -1 -1 -1 -1 -1
-1 -1 -1 -1 -1 10 -1 -1 -1 -1 06 -1 -1 -1 06 -1 -1 -1 -1 -1 -1 -1 -1 -1 -1 -1 -1 -1 -1 -1 -1 -1 -1 -1 -1 -1 -1 -1 -1 -1 -1 -1 -1 -1 -1 -1 -1 -1 -1 -1
-1 -1 -1 -1 -1 -1 -1 -1 -1 -1 -1 -1 -1 -1 -1 -1 -1 -1 -1 -1 -1 -1 -1 -1 -1 -1 -1 -1 -1 -1 -1 -1 -1 -1 -1 -1 -1 -1 -1 -1 -1 -1 -1 -1 -1 -1 -1 -1 -1 -1
-1 -1 -1 -1 -1 -1 -1 -1 -1 -1 -1 -1 -1 -1 -1 -1 -1 -1 -1 -1 -1 -1 -1 -1 -1 -1 -1 -1 -1 -1 -1 -1 -1 -1 -1 -1 -1 -1 -1 -1 -1 -1 -1 -1 -1 -1 -1 -1 -1 -1
00 00 00 00 00 00 00 00 00 00 00 00 00 00 00 00 00 00 00 00 00 00 00 00 00 00 00 00 00 00 00 00 00 00 00 00 00 00 00 00 00 00 00 00 00 00 00 00 00 00
00 00 00 00 00 00 00 00 00 00 00 00 00 00 00 00 00 00 00 00 00 00 00 00 00 00 00 00 00 00 00 00 00 00 00 00 00 00 00 00 00 00 00 00 00 00 00 00 00 00
00 00 00 00 00 00 00 00 00 00 00 00 00 00 00 00 00 00 00 00 00 00 00 00 00 00 00 00 00 00 00 00 00 00 00 00 00 00 00 00 00 00 00 00 00 00 00 00 00 00
00 00 00 00 00 00 00 00 00 00 00 00 00 00 00 00 00 00 00 00 00 00 00 00 00 00 00 00 00 00 00 00 00 00 00 00 00 00 00 00 00 00 00 00 00 00 00 00 00 00
00 00 00 00 00 00 00 00 00 00 00 00 00 00 00 00 00 00 00 00 00 00 00 00 00 00 00 00 00 00 00 00 00 00 00 00 00 00 00 00 00 00 00 00 00 00 00 00 00 00
00 00 00 00 00 00 00 00 00 00 00 00 00 00 00 00 00 00 00 00 00 00 00 00 00 00 00 00 00 00 00 00 00 00 00 00 00 00 00 00 00 00 00 00 00 00 00 00 00 00
00 00 00 00 00 00 00 00 00 00 00 00 00 00 00 00 00 00 00 00 00 00 00 00 00 00 00 00 00 00 00 00 00 00 00 00 00 00 00 00 00 00 00 00 00 00 00 00 00 00
00 00 00 00 00 00 00 00 00 00 00 00 00 00 00 00 00 00 00 00 00 00 00 00 00 00 00 00 00 00 00 00 00 00 00 00 00 00 00 00 00 00 00 00 00 00 00 00 01 00
00 00 00 00 00 00 00 00 00 00 00 00 00 00 00 00 00 00 00 00 00 00 00 00 00 00 00 00 00 00 00 00 00 00 00 00 00 00 00 00 00 00 00 00 00 00 01 01 01 00
00 00 00 00 00 00 00 00 00 00 00 00 00 00 00 00 00 00 00 00 00 00 00 00 00 00 00 00 00 00 00 00 00 00 00 00 00 00 00 00 00 00 00 00 00 00 00 00 00 00
3
2 7 1
8 7 2
40 2 3